Equation: 1.00x^2 + 4.00x + -5.00 = 0
x1 = -5.000000; x2 = 1.000000
Equation: 1.00x^2 + 0.00x + -4.00 = 0
x1 = -2.000000; x2 = 2.000000
